100
1804289383 846930886 0 692777
1714636915 1957747793 0 238335
719885386 1649760492 0 516649
1189641421 1025202362 0 490027
783368690 1102520059 0 897763
1967513926 1365180540 0 383426
304089172 1303455736 0 5211
521595368 294702567 0 956429
336465782 861021530 0 722862
233665123 2145174067 0 703135
1101513929 1801979802 0 634022
635723058 1369133069 0 898167
1059961393 2089018456 0 175011
1656478042 1131176229 0 377373
859484421 1914544919 0 413784
756898537 1734575198 0 594324
149798315 2038664370 0 566413
184803526 412776091 0 268980
1911759956 749241873 0 806862
42999170 982906996 0 497281
511702305 2084420925 0 477084
1827336327 572660336 0 126505
805750846 1632621729 0 661313
1433925857 1141616124 0 353895
939819582 2001100545 0 898814
1548233367 610515434 0 990364
1374344043 760313750 0 171087
356426808 945117276 0 947178
1780695788 709393584 0 705403
1918502651 752392754 0 612399
2053999932 1264095060 0 549676
1843993368 943947739 0 210012
855636226 1749698586 0 348094
1956297539 1036140795 0 480570
2040651434 1975960378 0 97467
1892066601 1376710097 0 612902
1330573317 603570492 0 926652
660260756 959997301 0 560280
402724286 593209441 0 953865
894429689 364228444 0 346619
221558440 270744729 0 958031
1633108117 2114738097 0 905771
1469834481 822890675 0 120709
791698927 631704567 0 777856
1255179497 524872353 0 254586
1572276965 269455306 0 964683
352406219 1600028624 0 51528
2040332871 112805732 0 48829
378409503 515530019 0 258270
1573363368 1409959708 0 486715
1373226340 1631518149 0 747796
289700723 1117142618 0 2245
150122846 439493451 0 892921
1760243555 1231192379 0 597488
111537764 338888228 0 469841
438792350 1911165193 0 441500
2142757034 116087764 0 470124
155324914 8936987 0 275856
1275373743 387346491 0 322227
841148365 1960709859 0 281936
771151432 1186452551 0 316437
971899228 1476153275 0 975407
1139901474 1626276121 0 468858
2130794395 1239036029 0 661237
1605908235 1350573793 0 65818
1605894428 1789366143 0 231011
1875335928 1784639529 0 318776
1597322404 1939964443 0 255763
1432114613 1067854538 0 118606
1782436840 1909002904 0 344818
1395235128 532670688 0 797369
492067917 1504569917 0 466996
706043324 496987743 0 259470
1359512183 480298490 0 295499
1096689772 2086206725 0 385644
1172755590 1544617505 0 268139
1012502954 1272469786 0 907669
968338082 722308542 0 388464
933110197 6939507 0 759355
1285228804 1789376348 0 278611
1450573622 1037127828 0 949299
654887343 1529195746 0 35568
1335354340 87755422 0 23311
1494613810 1447267605 0 321801
745425661 396473730 0 44878
1346811305 1569229320 0 178736
1590079444 434248626 0 648522
1470503465 1402586708 0 473416
1143408282 188213258 0 412924
1884167637 1473442062 0 305624
238962600 776532036 0 433452
1273911899 1431419379 0 145550
1665947468 619290071 0 900973
407487131 2113903881 0 684930
1776808933 711845894 0 158660
937370163 2058657199 0 387981
1642548899 1501252996 0 152959
1472713773 824272813 0 739668
2025187190 1967681095 0 952926
437116466 1704365084 0 911340
